0.000000000000044599245525,
-0.000000001506650439908207,
0.000000006042120215447437,
-0.000000013630006489530708,
0.000000024293873927429250,
-0.000000038057365438863290,
0.000000054944135535461485,
-0.000000074977920026830575,
0.000000098182465953545241,
-0.000000124581604804671787,
0.000000154199178989995539,
-0.000000187059118632563608,
0.000000223185364631575314,
-0.000000262601948888512635,
0.000000305332914072729615,
-0.000000351402397266455121,
0.000000400834546408275489,
-0.000000453653607376662738,
0.000000509883837116310970,
-0.000000569549594131784692,
0.000000632675248360737984,
-0.000000699285275015120355,
0.000000769404161238296362,
-0.000000843056503277834007,
0.000000920266909978869634,
-0.000001001060103192981894,
0.000001085460818200970620,
-0.000001173493907352447544,
0.000001265184237369166890,
-0.000001360556796210316507,
0.000001459636587355913100,
-0.000001562448739817309870,
0.000001669018399423070896,
-0.000001779370841951151995,
0.000001893531361491464718,
-0.000002011525386648898076,
0.000002133378365992497258,
-0.000002259115887317698161,
0.000002388763560232256282,
-0.000002522347138416147788,
0.000002659892399435965950,
-0.000002801425269920514382,
0.000002946971702647277972,
-0.000003096557804609165724,
0.000003250209711445768025,
-0.000003407953718303587468,
0.000003569816151712425370,
-0.000003735823503181812345,
0.000003906002298545926321,
-0.000004080379234288509362,
0.000004258981044401210351,
-0.000004441834639357943792,
0.000004628966970609776793,
-0.000004820405172107919792,
0.000005016176422489155339,
-0.000005216308089127072251,
0.000005420827588057475806,
-0.000005629762530503871207,
0.000005843140580601540184,
-0.000006060989604352311554,
0.000006283337525215010959,
-0.000006510212475408178810,
0.000006741642649479367268,
-0.000006977656457854085383,
0.000007218282378486655386,
-0.000007463549112563797889,
0.000007713485434319313871,
-0.000007968120348893893042,
0.000008227482940287249150,
-0.000008491602531349892489,
0.000008760508529993696005,
-0.000009034230591175201511,
0.000009312798461520471505,
-0.000009596242143199271071,
0.000009884591737000442336,
-0.000010177877608095830427,
0.000010476130227649255852,
-0.000010779380340348442165,
0.000011087658804673980529,
-0.000011400996762133575074,
0.000011719425476238052320,
-0.000012042976503380639386,
0.000012371681530673961439,
-0.000012705572548358319397,
0.000013044681686503610714,
-0.000013389041641581196540,
0.000013738677502180069232,
-0.000014093654341427923289,
0.000014453940228618539492,
-0.000014819650099562144534,
0.000015190745410690404134,
-0.000015567305867538408249,
0.000015949340735697147058,
-0.000016336918448343167167,
0.000016730006757656352029,
-0.000017128731983893714290,
0.000017533041292349483214,
-0.000017943031282089702230,
0.000018358713043752890391,
-0.000018780118954060265465,
0.000019207301189754066710,
-0.000019640284510610293752,
0.000020079107911172241780,
-0.000020523821422077356878,
0.000020974426399061769910,
-0.000021431024352150557265,
0.000021893580091824295830,
-0.000022362195275521034395,
0.000022836870650868342484,
-0.000023317659494794678882,
0.000023804605222780316821,
-0.000024297740363027857521,
0.000024797109522388764149,
-0.000025302758069144854131,
0.000025814719178704338649,
-0.000026333043398172960954,
0.000026857769845793752397,
-0.000027388940274514207257,
0.000027926603082861034777,
-0.000028470797939597921033,
0.000029021572525773845343,
-0.000029578971638492415695,
0.000030143041125901088114,
-0.000030713829143383572214,
0.000031291383765415552913,
-0.000031875759627628793213,
0.000032467019336270478813,
-0.000033065283250732665750,
0.000033671084169329712520,
-0.000034310643051697877414,
0.000034770220940098336862,
-0.000035837687880132435318,
0.000035596444117850767591,
-0.000037696320353645235667,
0.000036149018998668268679,
-0.000039886402716492834193,
0.000036428760156594751785,
-0.000042407813820269985494,
0.000036436723308801154152,
-0.000045260278372724187810,
0.000036174164659575717962,
-0.000048443355324380165696,
0.000035642535503184888054,
-0.000051956436842994979859,
0.000034843481570782774547,
-0.000055798748616309286547,
0.000033778842753658085759,
-0.000059969351363795421039,
0.000032450652524384199064,
-0.000064467142410349915355,
0.000030861137884267244625,
-0.000069290857100536170071,
0.000029012719112166135286,
-0.000074439070816593308683,
0.000026908009171894164442,
-0.000079910201015337471676,
0.000024549813453104769905,
-0.000085702509149849601003,
0.000021941129360350294361,
-0.000091814103074185172211,
0.000019085145604803907397,
-0.000098242939541928251779,
0.000015985241710342276450,
-0.000104986826661507382072,
0.000012644987415974908492,
-0.000112043426740698711026,
0.000009068141861963033862,
-0.000119410259239243865103,
0.000005258652947237451961,
-0.000127084703720900716760,
0.000001220656617378596500,
-0.000135064003152599065079,
-0.000003041524025082603741,
-0.000143345267350569570289,
-0.000007523379482545560097,
-0.000151925476473822141732,
-0.000012220214664584424095,
-0.000160801484829027071339,
-0.000017127149370432073240,
-0.000169970018672260054973,
-0.000022239110432887757409,
-0.000179427700141045876449,
-0.000027550873162639884039,
-0.000189171039549392781516,
-0.000033057001843788155315,
-0.000199196416168043503002,
-0.000038751874394036196260,
-0.000209500114841275808433,
-0.000044629706073452529160,
-0.000220078331221462464339,
-0.000050684529960065284300,
-0.000230927158750050993963,
-0.000056910192493042483755,
-0.000242042598595014279246,
-0.000063300363580390289113,
-0.000253420573449728860592,
-0.000069848539193204312644,
-0.000265056929436931502844,
-0.000076548035955957462878,
-0.000276947438782899056121,
-0.000083391991999602025232,
-0.000289087809183661420542,
-0.000090373369480120053034,
-0.000301473690883507811512,
-0.000097484952665167907125,
-0.000314100682650146362934,
-0.000104719346244054543871,
-0.000326964342428881212053,
-0.000112068971503496558006,
-0.000340060205968751487829,
-0.000119526039681201975734,
-0.000353383866727805169040,
-0.000127082290040324508368,
-0.000366932407539557103784,
-0.000134699613352425468524,
-0.000380535987915965059035,
-0.000142100834766180860163,
-0.000394051553564386954857,
-0.000149284907533116923111,
-0.000407357710483282893336,
-0.000155873798029850971995,
-0.000419942454338348056773,
-0.000161500316679600018936,
-0.000431892400843423846912,
-0.000166546943281820357440,
-0.000443352208337519483952,
-0.000170676142918519606166,
-0.000453846453904244314347,
-0.000173757518550429372129,
-0.000463737951916116551351,
-0.000176284994377790037515,
-0.000473079626867079188878,
-0.000177528543658537552637,
-0.000480877275372543775203,
-0.000177169464427034614729,
-0.000487539489765530481384,
-0.000175413861052895213083,
-0.000492491319921574757790,
-0.000171256751493266623975,
-0.000495202103579284506028,
-0.000165183642263747184568,
-0.000496851953795942268520,
-0.000158134183373627494823,
-0.000497519546984201942175,
-0.000149536008772345073090,
-0.000496795252178527588227,
-0.000139651011846697473227,
-0.000495336018107281274465,
-0.000128718717759341406233,
-0.000492538398864056522174,
-0.000115706619457584788989,
-0.000487904345854871376517,
-0.000101185975504384086197,
-0.000482705581541794260386,
-0.000086138879087851254169,
-0.000477025730351460035793,
-0.000070010433208807560279,
-0.000470541050645430279729,
-0.000053196253494225187236,
-0.000464023552405225768458,
-0.000035956010972703525798,
-0.000456804911313881995168,
-0.000017175639075638295979,
-0.000448380024632254908009,
0.000002500777563782048875,
-0.000440116531915970307480,
0.000022060484136123150969,
-0.000432060128353651607454,
0.000042108826407277642680,
-0.000423910508623732106004,
0.000062162536798278793010,
-0.000416516183754449286804,
0.000082005580610852851493,
-0.000409046188347268052654,
0.000102952209512304802895,
-0.000400888847822221080271,
0.000124352206594166597069,
-0.000393464680921815405067,
0.000145221461384685107373,
-0.000386692923144659242950,
0.000166325377225679991132,
-0.000380206520101599983272,
0.000187153329440165294402,
-0.000374890835386434246538,
0.000207594608293270454927,
-0.000369661684826056997476,
0.000229268750337370823440,
-0.000363733693856832431685,
0.000251536389844362045110,
-0.000358603502312495833228,
0.000273433516475659233076,
-0.000354045061640515543264,
0.000295926164463538666008,
-0.000349616333100948430222,
0.000318446458348737714440,
-0.000346297849146152069647,
0.000340964215460550358443,
-0.000342739913608944681347,
0.000365441176613249239531,
-0.000337995925398736323918,
0.000391179120515622834320,
-0.000333759411527964199463,
0.000417142014996241402517,
-0.000329715514417031172086,
0.000444477092512570229593,
-0.000325411644990260967309,
0.000472457423353961282649,
-0.000322088581482603763476,
0.000500821179446490471338,
-0.000318708643704619567355,
0.000531336951182804703708,
-0.000314495178096726416168,
0.000562935254635353794252,
-0.000311940172487455930159,
0.000593649127476691550361,
-0.000311462585632101224362,
0.000624536618164796449026,
-0.000312502889061643082842,
0.000654718990726472203391,
-0.000316806410695891237962,
0.000683936656970463821743,
-0.000322478572085206855249,
0.000715345253841808076736,
-0.000327916042544021564802,
0.000748043770832465450965,
-0.000335873846775530757874,
0.000780323666232669811357,
-0.000346034763799614919402,
0.000814114525013101032747,
-0.000357659307895423321522,
0.000848378521918056408696,
-0.000372922548849603547206,
0.000882985855638216830983,
-0.000389466030306583781747,
0.000921974388606580392419,
-0.000405418762030236329730,
0.000964345382054888509635,
-0.000424251619154349752985,
0.001008239932897127570308,
-0.000445617217616495447496,
0.001056240966508031767571,
-0.000468867202095626944575,
0.001107131021527649585370,
-0.000497046252990198680032,
0.001160962570568764085435,
-0.000527509503372457547697,
0.001223052420313167597266,
-0.000558405217115855883638,
0.001292373541673985486156,
-0.000594713136985899697672,
0.001366999040741799726142,
-0.000636667112765118689208,
0.001450715231566322097750,
-0.000684478439385521756147,
0.001542488322801942790194,
-0.000743409562037624445548,
0.001643227605028921853650,
-0.000811708401946709817709,
0.001761030890405712720156,
-0.000889223130179272493179,
0.001896305243307740964406,
-0.000985416436680637206069,
0.002049253768256370424744,
-0.001104595624197055687629,
0.002228951409090697798054,
-0.001252863280160997593027,
0.002440233922326644298156,
-0.001445879921645012219228,
0.002694245005580412060525,
-0.001694700213018539812493,
0.003018308228116084544063,
-0.002021136874567742644504,
0.003441597523878273025971,
-0.002476810400871133893003,
0.004017663325475703990641,
-0.003142513046758725787921,
0.004867973338805079742964,
-0.004190230472396258912249,
0.006257043838838993385365,
-0.006070702061764573359559,
0.008972939090769946335335,
-0.010351305076500304236387,
0.016772217709522873468897,
-0.029663970885505572955276,
0.250079332794713227183792,
0.040667785113842003230644,
-0.017899173833131627048276,
0.012676174896567842659278,
-0.008313574697030345558857,
0.007701415185351188040508,
-0.005284821900111764947372,
0.005604898166644554577398,
-0.003817429525712749162347,
0.004439615860350049070249,
-0.002951600120990280698430,
0.003698649099503070747375,
-0.002386451708615960985022,
0.003171820794900166631120,
-0.002002050023109861690701,
0.002772999442606514756970,
-0.001722115651648023276418,
0.002460447489444103023187,
-0.001519763464326634797019,
0.002191939794051600901015,
-0.001378115710929308981164,
0.001965868925615001268359,
-0.001258811456855537212751,
0.001784947987890310189957,
-0.001162957644519404696790,
0.001617085752253843945400,
-0.001100975567885680234462,
0.001462802884065382991868,
-0.001049187471968355926666,
0.001327926253914504329048,
-0.001018257528433051716313,
0.001183941742634050811947,
-0.001015493719540190792686,
0.001051317304827962314379,
-0.000998846448603792199869,
0.000951108596632506300521,
-0.000984452341187829751620,
0.000837865314948215973538,
-0.001002531854509724129274,
0.000719668036518112883004,
-0.001015511427299102108907,
0.000617432111362403355202,
-0.001045101168622166896635,
0.000481483371625587072001,
-0.001114358633648683408537,
0.000347995179646366011462,
-0.001148802338444738363465,
0.000260325187246663268797,
-0.001183897354290788491230,
0.000124027252191630016267,
-0.001291493660163812182487,
-0.000046811324987867959223,
-0.001388176340899030221723,
-0.000191021081019958089559,
-0.001509356579394065386510,
-0.000417939884489264908314,
-0.001723846213668424982510,
-0.000661975184481154613030,
-0.001865394820420745699077,
-0.000815475633113305455393,
-0.002027603243864990918699,
-0.001147561304501651825022,
-0.002446594801476697795400,
-0.001644698308141525743692,
-0.002847518473741148144207,
-0.002009745603945107313842,
-0.003188285163485175387893,
-0.002472974695381293958746,
-0.003635257232412006551947,
-0.002722194076438184603961,
-0.003361317467764560109472,
-0.001976376543871015238618,
-0.002456890996647822199284,
-0.001553277594769265999158,
-0.002802799363647326142540,
-0.002446463698684647747328,
-0.003333607815547743203483,
-0.001843786387403810889812,
-0.001605835413813072251599,
-0.000470947351008010623580,
-0.002936715075983890952532,
-0.006659223714344457423220,
-0.014277043716326943620376,
-0.021049542461793979003515,
-0.027678401550499654587556,
-0.029517136466679114864542,
-0.029272607762678485437968,
-0.025569783485852603382993,
-0.023565878985984813065446,
-0.022348611936371668568180,
-0.024879400309724814671641,
-0.026817138145670060128678,
-0.028152271210258802969228,
-0.024155010764222568236947,
-0.017289173848778986025687,
-0.007392064636703601573919,
-0.001045610014941290161206,
0.000277331482763438076471,
-0.007709733544670215911465,
-0.021194970936561197127901,
-0.038204657868545058296839,
-0.050797697102647677847020,
-0.056754913721155306194355,
-0.052190998975463663567265,
-0.041197375550222292694968,
-0.025829150374667042555643,
-0.012991008892181606440563,
-0.003719498976083377653895,
-0.000827927721920739554187,
-0.000680965727805763637072,
-0.002871868935641071207687,
-0.003326951557012442113603,
-0.003332909008579597754524,
-0.001384071777976656359571,
-0.000479490240197895866651,
0.000547756949973516021196,
-0.000352007106206837316973,
-0.000863033978907400915054,
-0.002293825645478476428496,
-0.002446826417779435648009,
-0.003119379636170106426252,
-0.002665727571559205894003,
-0.003005083422450898454625,
-0.002403273706121523706908,
-0.002545394642951402490449,
-0.001700085570315051745893,
-0.001628130481925224755380,
-0.000778633258533678661133,
-0.000888509023274018021159,
-0.000331556258846139829607,
-0.000652621132913440383724,
-0.000193062089108420487527,
-0.000493090095917083368407,
-0.000014911253609979710098,
-0.000306231556678316415437,
0.000149517624798022481227,
-0.000116224973515459466212,
0.000386377126659765552080,
0.000189655030782393506372,
0.000700282602482206798476,
0.000474281441430412684882,
0.000916343119502620708297,
0.000663463643466357115737,
0.001103662317875828136060,
0.000887573228865254772006,
0.001338641648132177707983,
0.001132491403979326996879,
0.001579496947904320902981,
0.001408600171628002694843,
0.001893227301607651544973,
0.001766198513994908340929,
0.002251925096735000325632,
0.002132890425805769683137,
0.002647291339832202276133,
0.002633436046567178782235,
0.003273051220413342003723,
0.003368702344852984170709,
0.004023971082476475620571,
0.004078820582774188643893,
0.004656911706397019561077,
0.004645788622109826848661,
0.005081572639111218286923,
0.004775192714022081195979,
0.004700854771289110674293,
0.003826471023665966881416,
0.003362759354928622837488,
0.002522509279882605842671,
0.002465039795719290837556,
0.002120722068454081177258,
0.002247011904621705382507,
0.001706682265827573008812,
0.001643564831107891194631,
0.001713057387776753884290,
0.003658274938755879442803,
0.007085141912692589569178,
0.012751744381891335147761,
0.018826832910885535343759,
0.024878972582353702652780,
0.028933436024302042893774,
0.031499531543916707565511,
0.032143247159519959532670,
0.032494781300139809199212,
0.032236431941712231918906,
0.032060040752648323592044,
0.030467318037802944979964,
0.027559409779782037541729,
0.022406603532441553283672,
0.016477292832332412347851,
0.010246445786740672467818,
0.005695943673819115274370,
0.002701757217512617235966,
0.001853794245723755116859,
0.001721981308460560945728,
0.002264899021711966331516,
0.002325217735633751912905,
0.002587824025160305550092,
0.002579532817557163727057,
0.003173920013212047121220,
0.003676970963690208253627,
0.004557444776524431466480,
0.004926222340255716897195,
0.005313131187689109496963,
0.005104987195270626991472,
0.005043315465143502311640,
0.004601915774952947991994,
0.004433412677845863063275,
0.003928370317469680357558,
0.003687481916707366531860,
0.003155071995677014972531,
0.002961934254241444137989,
0.002564861093441711276802,
0.002519623423347777321779,
0.002232409425572548424682,
0.002218206385670795123544,
0.001925103506685268235296,
0.001897039124635117434553,
0.001620809159770377882309,
0.001615086795594600352008,
0.001358697753227334093645,
0.001347295697774737819469,
0.001090062000277583443772,
0.001090628410372734878944,
0.000878928798718679586167,
0.000927180060255430199025,
0.000754128876575518294553,
0.000805948439638191969740,
0.000624772254994194922544,
0.000662467156085682815601,
0.000485513058437594361306,
0.000526545089100623588466,
0.000352441399243519153887,
0.000378473112620528672704,
0.000195264126856617068178,
0.000220980090157634411711,
0.000063989717682772328361,
0.000117716876709935154414,
-0.000016233925300430804761,
0.000033578241572378165743,
-0.000111318369527675772781,
-0.000075437766116607290405,
-0.000217168037141492984180,
-0.000180443234431921649581,
-0.000325841899651019913271,
-0.000311807794984194513749,
-0.000471994916488272691409,
-0.000454247906635924718170,
-0.000573964688801129030958,
-0.000508050263235952583203,
-0.000590825058781229675749,
-0.000526121618663742142939,
-0.000625766949395230981899,
-0.000577709696997109802691,
-0.000671584986540375459760,
-0.000625005541975722422529,
-0.000749864276632179012003,
-0.000780329409111726662526,
-0.000976058021019186525247,
-0.001014172977657033054497,
-0.001110412636177226424275,
-0.000990299983920487660038,
-0.000947910010194446032115,
-0.000777566002942393984070,
-0.000731541930356331411393,
-0.000513119742666847756044,
-0.000309875610191402651658,
0.000068457317331583833150,
0.000211369184747867654411,
0.000116118834350575650958,
-0.000525282743261562285603,
-0.001282858008560415832844,
-0.001895802115782222168477,
-0.001705734874584309470474,
-0.000883561146347125870963,
0.000168604121637890447954,
0.000195328230310244925928,
-0.001551566604785968367039,
-0.005411903050055051275780,
-0.010224332726872377430372,
-0.014348671875524137905855,
-0.015771734907138564713014,
-0.013761896961571091005383,
-0.008694562738775744870079,
-0.002507777956441786977593,
0.002815674691018885556631,
0.005602017590890871756582,
0.005729049589152095112166,
0.003923957184030024344934,
0.001730189615419764877571,
0.000135185509496939389954,
-0.000319666338225183400534,
-0.000078174817568534425336,
0.000386867502179601661927,
0.000485892062901834595294,
0.000271317238340249098499,
-0.000152590200400535251505,
-0.000370859195144745219710,
-0.000363867873554827789273,
-0.000076523091409476436272,
0.000213627370852691444167,
0.000492645849244093556388,
0.000632178947803846533367,
0.000791537943791906098770,
0.000915144884134373574371,
0.001095868914842328470383,
0.001189258386896976590896,
0.001258817646416840593457,
0.001231815940565315556365,
0.001254980876397009375428,
0.001284220647039613274337,
0.001396432344188898704712,
0.001457620003304218193191,
0.001501506936646792786383,
0.001452173423156747234658,
0.001436570781552080509555,
0.001437820344011274354898,
0.001542386592347772152067,
0.001652251261995598590263,
0.001810242163495318079569,
0.001988075789976407811710,
0.002345887799123242464100,
0.002903359636132867623720,
0.003678161079760377660114,
0.004413995842602135184773,
0.004901495134727492687665,
0.004945236505435986890111,
0.004723713466608772497402,
0.004552011146537424460257,
0.004832692460832147159089,
0.005531222717897545798627,
0.006168566846463740573070,
0.005778814263923169949888,
0.003536236064220040203193,
-0.000850357146568259309773,
-0.006642687068580105554105,
-0.012340344727912755731780,
-0.016098055325773737850303,
-0.016619072777505492638506,
-0.013598717667822409968514,
-0.007968399006281262977880,
-0.001372469227313523332246,
0.004440030811107605751564,
0.008439319451153760864859,
0.010584615724570096972901,
0.011802447608422854397059,
0.013331191832002710698224,
0.016088917081459933738907,
0.020059229246346080288710,
0.024334369026121741713675,
0.027539583244607038908791,
0.028712654920219293774863,
0.027893079986504622225230,
0.026282269880895166302981,
0.025578410628808920940225,
0.027020483634584209486906,
0.030482902986044529969334,
0.034383164386459115491324,
0.036353787795684718020528,
0.034514338546391479245479,
0.028476057261819603255715,
0.019643053418905667695249,
0.010504976159162387333579,
0.003463379920555571811480,
-0.000252652220391624783222,
-0.000904264267367661106478,
0.000188647480703843793996,
0.001557648905382442213602,
0.002317308096877687424026,
0.002417325485362546710899,
0.002332557891457825820225,
0.002568069244223768025914,
0.003282915834329903307515,
0.004268665795828397585554,
0.005158763180659506689119,
0.005693397000251771908341,
0.005825464899370284659053,
0.005670208037839172265926,
0.005368038656345458341235,
0.004997664133638396108394,
0.004566455855210059533444,
0.004058936012459536842034,
0.003474372318313500868775,
0.002836034719765834037630,
0.002179968265584391294565,
0.001549829785570764435418,
0.000995677599451200850966,
0.000561726066801886093557,
0.000257865806069548374364,
0.000039651688954482714475,
-0.000169685819581928297103,
-0.000411947213606893801723,
-0.000626340361916570250236,
-0.000645147062327440187247,
-0.000277895135791222187751,
0.000562528527713556953521,
0.001783205264253845965042,
0.003147913742856622149047,
0.004405456286787240959002,
0.005411743997865493469024,
0.006149273651834577872344,
0.006633967187246844060544,
0.006804132210855931735261,
0.006518636994921465054043,
0.005711216515988997051434,
0.004606078648891352537997,
0.003807233804457525044862,
0.004117334048715884028957,
0.006112580379656011760059,
0.009689916569285007830192,
0.013874602851644738873982,
0.017063252518004945468277,
0.017635069391234225316678,
0.014639453444935612846933,
0.008204750151487024550923,
-0.000544012618260547651909,
-0.010003984714307245784681,
-0.018763610131116010421026,
-0.026072410440365442751975,
-0.031896540051178624841643,
-0.036589891573100177812883,
-0.040418927569229753937741,
-0.043236572972154753424778,
-0.044486821805723129885646,
-0.043516157372235061973065,
-0.039994007746674560543898,
-0.034196284718372570166078,
-0.026998091890777162205062,
-0.019589150183653220721469,
-0.013068871012030426267958,
-0.008122368484767626684029,
-0.004912267864676557460601,
-0.003194342349661700389968,
-0.002554318658992623357340,
-0.002625420059623871649190,
-0.003189139099575292578964,
-0.004147408555934657681252,
-0.005427050662624863935912,
-0.006899541484519594071456,
-0.008368413011462759454329,
-0.009621504706682331917178,
-0.010504980931822340342596,
-0.010970296455045663516770,
-0.011070296922315491644495,
-0.010915634999051947520710,
-0.010622495139924317819613,
-0.010279395368470459204424,
-0.009941850579434592660721,
-0.009643459911442933338299,
-0.009405002621131350326600,
-0.009231162861856143098116,
-0.009099291352986585076912,
-0.008954397311595035588438,
-0.008722109172619682895822,
-0.008338590231890020965100,
-0.007782592218823255157678,
-0.007090305164960576320143,
-0.006342663635364681126716,
-0.005632258117364202787414,
-0.005031315588495866367169,
-0.004582694343684160995234,
-0.004320471597870034936861,
-0.004304682236013046559009,
-0.004641207712903735668752,
-0.005463573125060868125591,
-0.006876681470105572464846,
-0.008888815178575272188399,
-0.011369640100261858145503,
-0.014059751977052994606487,
-0.016628828004530152306906,
-0.018753503962783517333701,
-0.020179737138798937295947,
-0.020750556567279043046481,
-0.020405433349693729433438,
-0.019172643615037256864531,
-0.017170341305882335508626,
-0.014611955647767186500241,
-0.011795192344690390295892,
-0.009056859119277149358651,
-0.006697974493693694200691,
-0.004908911570022804309044,
-0.003732335343817702860009,
-0.003083904360489291354708,
-0.002817739748721809038556,
-0.002798048967975997995683,
-0.002937975887910730839192,
-0.003191758497773312854701,
-0.003518599220240511450675,
-0.003853474230775289031264,
-0.004110423182251631522843,
-0.004216168754333911479482,
-0.004147454783917785790803,
-0.003942340114679860132996,
-0.003675578768121042991246,
-0.003415685586727123385087,
-0.003195393072689228699396,
-0.003017075254316891903122,
-0.002887500345247975049728,
-0.002851981110477640451312,
-0.002995048819471110915225,
-0.003396726032554166479355,
-0.004066109514493610084529,
-0.004894867881407721776910,
-0.005667027197926688755758,
-0.006130354427311619433527,
-0.006097565763341408415221,
-0.005525741787401335786134,
-0.004532446447821804683120,
-0.003341234253303865947560,
-0.002186902703796983916257,
-0.001229862173895013375408,
-0.000519359079210565677265,
-0.000014698372394389773411,
0.000358347997160199317930,
0.000653479828425746400375,
0.000880853383186408619640,
0.001020039011908482808749,
0.001051692427898228256525,
0.000983197570958673676758,
0.000852677818409237008555,
0.000712677875692054778670,
0.000607282700753359640233,
0.000557430817189711984294,
0.000560586886125402183816,
0.000600622064560091630837,
0.000658999161505012553443,
0.000720915130034743096774,
0.000776063560605878355672,
0.000817729998098569725758,
0.000843486865182266278181,
0.000857466474652976082260,
0.000871666405684066200425,
0.000904085283460415948392,
0.000973817123809046108519,
0.001095037096562489651805,
0.001271698068710062521844,
0.001493632152316529777478,
0.001734645461886907130689,
0.001954501880175183586852,
0.002107533991414540716636,
0.002158242665255356330933,
0.002098008189159524146394,
0.001952026085338552782375,
0.001767497065898525386921,
0.001584319812918471735361,
0.001403955013559419129007,
0.001179915880521055938229,
0.000844974917436407189746,
0.000366955621435966134782,
-0.000199639423565255342847,
-0.000706201929881664991831,
-0.000966436525939478588074,
-0.000856358914816979211425,
-0.000402864237064799279690,
0.000197742318372102869606,
0.000654180837272153275878,
0.000714330313174944093665,
0.000285141264980920817844,
-0.000531168083924839673667,
-0.001503720799540740529071,
-0.002396467842637444844306,
-0.003067043872399005232515,
-0.003479386071162313132099,
-0.003631888185813053528811,
-0.003465924261770894458656,
-0.002836626908534104363896,
-0.001584288891402776781880,
0.000330665686596489304897,
0.002720440444555064386095,
0.005174481100950708602204,
0.007193297499311488395202,
0.008386173975651604883819,
0.008624430975839347465750,
0.008067380686034172909693,
0.007054605632524995305344,
0.005934848538393074426911,
0.004930081842966815494633,
0.004099423494125498806939,
0.003399192501120235250511,
0.002779757489536937350300,
0.002250222898501368865715,
0.001877261350201600651616,
0.001734161578807306026279,
0.001845416469549247904386,
0.002165635838901149023972,
0.002600808468011941727155,
0.003050682455559204381973,
0.003442739979710296178289,
0.003741673202709582674030,
0.003938816065767556696964,
0.004037349259690980497750,
0.004045602357849267284584,
0.003979107960168017966984,
0.003863572522674700408796,
0.003731571391068864724377,
0.003613053523476913043294,
0.003525971926314892552351,
0.003473062959979673729183,
0.003445932936982609197385,
0.003432422983513281743856,
0.003422014398171117303266,
0.003407201812665374557332,
0.003382503923042783945674,
0.003344065009542772186346,
0.003290872152193380969359,
0.003226149741177593462116,
0.003157057203546077567974,
0.003092037467344873041125,
0.003037416422814333272218,
0.002995383830840240690224,
0.002964238742147261296278,
0.002940331804606195059693,
0.002919909235601376128189,
0.002899762796965262186266,
0.002877108550673413301518,
0.002849660860633055226715,
0.002816182060500089720523,
0.002777264305713404452663,
0.002735295296193704546461,
0.002693476048314739131756,
0.002654572855890497806025,
0.002619815565549130260969,
0.002588769682111310890121,
0.002560041042885723931027,
0.002532047126964753758216,
0.002503378071049196153947,
0.002472789607649436387227,
0.002439227965785360947859,
0.002402128559231512996280,
0.002361811738060186436489,
0.002319568351935673462816,
0.002277225161591889951440,
0.002236405363163467951287,
0.002197945411289512623876,
0.002161785624807764389504,
0.002127272100103948064553,
0.002093548067594776761202,
0.002059768093491505351611,
0.002025134780190850341403,
0.001988942282576006050782,
0.001950755746475787413483,
0.001910640982002610862786,
0.001869232019902287034868,
0.001827510629235434445536,
0.001786400268576428512074,
0.001746419642374968678872,
0.001707586344244701190634,
0.001669556919405575969029,
0.001631842301124379873006,
0.001593943642407444523379,
0.001555396612257670466151,
0.001515809794010203413045,
0.001474974124706310805999,
0.001432993228994110593288,
0.001390329602209399361898,
0.001347670350261064107361,
0.001305720205936629308915,
0.001264971207308983065093,
0.001225550772730549199327,
0.001187318179225578312561,
0.001150019746315614297544,
0.001113410813444607686679,
0.001077232643165772609309,
0.001041214416419451380125,
0.001005200336091322237814,
0.000969238367161324326261,
0.000933617671020978666385,
0.000898777794022260069322,
0.000865159643738489165556,
0.000833135739423836109603,
0.000802849131718663005554,
0.000774196604292852735146,
0.000747015125005889174016,
0.000721122864326882674277,
0.000696346574481590150849,
0.000672468946976654169574,
0.000649237165919328831562,
0.000626506298919795906639,
0.000604321078714631170457,
0.000582933076476700837328,
0.000562535067712517200360,
0.000543177727883716239023,
0.000524707519068000837435,
0.000506880319556195441458,
0.000489560532921484714564,
0.000472600963135988113347,
0.000455835821542327089464,
0.000439097057594639724430,
0.000422266780333942182927,
0.000405337640989675263535,
0.000388434562885632691468,
0.000371765680613028422566,
0.000355532408524709270248,
0.000339852457669775149997,
0.000324740572056895571498,
0.000310136967598138412871,
0.000295947080841460442510,
0.000282059222372583323635,
0.000268347925572602011984,
0.000254687939207041589510,
0.000240995110081473619098,
0.000227271810968842128374,
0.000213621543330543906588,
0.000200211896584320212531,
0.000187207693941811943641,
0.000174714551160864989135,
0.000162763617672688563464,
0.000151329935505455288360,
0.000140358124249492381740,
0.000129773100703328209864,
0.000119483084988285351595,
0.000109392794707961491852,
0.000099437091557718292577,
0.000089616176934400023691,
0.000080006538005067653527,
0.000070732656998044468881,
0.000061918019458423952692,
0.000053643779537078132235,
0.000045938191570362823775,
0.000038788075806548967354,
0.000032155939137407156753,
0.000025985010781687726655,
0.000020203304662702702285,
0.000014734411157167231872,
0.000009527977848112454833,
0.000004583183257086374648,
-0.000000036289206280667948,
-0.000004316417856344635107,
-0.000008255471785315956441,
-0.000011799683235689321486,
-0.000014927062606643991391,
-0.000017718887431557728550,
-0.000020336129422883220943,
-0.000022864478834350699895,
-0.000025367226003227274584,
-0.000027917393735199335205,
-0.000030565641451145898636,
-0.000033322128445479713298,
-0.000036139872042043225152,
-0.000038932625165791739767,
-0.000041608259308098497647,
-0.000044105589454965956459,
-0.000046407473493277719482,
-0.000048534214475505450337,
-0.000050526148159331846004,
-0.000052434064104011615572,
-0.000054315172160545413277,
-0.000056227804098117696086,
-0.000058214128939159088627,
-0.000060279424278659016450,
-0.000062381145860219069520,
-0.000064441581424219644279,
-0.000066376756009764667781,
-0.000068126348077724200539,
-0.000069666056497715394256,
-0.000071003512492880826610,
-0.000072165475771670661159,
-0.000073191356871604287067,
-0.000074128864531304922082,
-0.000075030320544769673989,
-0.000075933086332538102855,
-0.000076851960832973839513,
-0.000077805724034228992839,
-0.000078763194359845957633,
-0.000079653406040725217201,
-0.000080432096565282562963,
-0.000081085175411143550739,
-0.000081623813567330760418,
-0.000082068689381965928727,
-0.000082444381751439906568,
-0.000082779925374906328608,
-0.000083109223203649742876,
-0.000083459809419540780190,
-0.000083835586614412399890,
-0.000084205791532487622893,
-0.000084512767280920080958,
-0.000084694613150508406274,
-0.000084708459303340968827,
-0.000084539405634003611523,
-0.000084194268003858350655,
-0.000083690359681984235985,
-0.000083050646512929508542,
-0.000082305504335132106779,
-0.000081492128310909692896,
-0.000080643975627779662142,
-0.000079773865860912222055,
-0.000078863660585718945275,
-0.000077870369194935919448,
-0.000076746246941974532183,
-0.000075458912358249518432,
-0.000073999412903926470981,
-0.000072376687791267163216,
-0.000070608699397593400614,
-0.000068718903414904450983,
-0.000066738756163162491321,
-0.000064706638632518030272,
-0.000062657793067878573461,
-0.000060607717139305232956,
-0.000058542752186470630588,
-0.000056425085285852540626,
-0.000054211743959718448709,
-0.000051872265827148224347,
-0.000049397117639084097047,
-0.000046792088081770178158,
-0.000044072903779226446359,
-0.000041260981799720056684,
-0.000038390057637939400850,
-0.000035497833495192314683,
-0.000032638358090316901437,
-0.000029885606119342551627,
-0.000027254504315091007113,
-0.000024714871736575825986,
-0.000022240291278080611521,
-0.000019814125320707923141,
-0.000017435828058956135794,
-0.000015108620465309508888,
-0.000012837209618325287380,
-0.000010627317623502042317,
-0.000008502196718435273978,
-0.000006540577151540243036,
-0.000004814348082245054617,
-0.000003340868532717611236,
-0.000002121025968829085450,
-0.000001133882784112371494,
-0.000000447180660053153882,
-0.000000107763899886509820,
-0.000000004363326664070098,
0.000000001111456782141805,
-0.000000000494392548612014,
0.000000000278957224220517,
-0.000000000178996514316840,
0.000000000125291494615178,
-0.000000000092180435288527,
0.000000000071519660562299,
-0.000000000056267557794781,
0.000000000046478389042136,
-0.000000000038069792515980,
0.000000000032574369718401,
-0.000000000027744957852793,
0.000000000023905497520777,
-0.000000000021361960150531,
0.000000000018129611595791,
-0.000000000017100349576686,
0.000000000014172283698882,
-0.000000000013896918471352,
0.000000000011710025254307,
-0.000000000010973057869437,
0.000000000010484942302374,
-0.000000000008294469475646,
0.000000000009756498231402,
-0.000000000006199790167127,
0.000000000009215153747793,
-0.000000000004319626321446,
0.000000000009152079676563,
-0.000000000002633779203586,
0.000000000009142216011382,
-0.000000000001978553595238,
0.000000000006815084475617,
-0.000000000004516521981722,
0.000000000004591043709571,
-0.000000000004289915573527,
0.000000000004141359915228,
-0.000000000003829775097680,
0.000000000003789826267241,
-0.000000000003416947738398,
0.000000000003479297339386,
-0.000000000003102568248746,
0.000000000003148283987515,
-0.000000000002893162209389,
0.000000000002807147918283,
-0.000000000002756685950251,
0.000000000002456874272167,
-0.000000000002688160988125,
0.000000000002130330021200,
-0.000000000002562876882193,
0.000000000002011791611649,
-0.000000000002213145802026,
0.000000000002115086823034,
-0.000000000001821507109551,
0.000000000002134044099437,
-0.000000000001603906511186,
0.000000000002124177980396,
-0.000000000001205314764469,
0.000000000002509826211634,
-0.000000000000486160109330,
0.000000000002871524240554,
-0.000000000000371358466934,
0.000000000002178495376608,
-0.000000000001422813671673,
0.000000000001476692113265,
-0.000000000001454911898843,
0.000000000001384410706894,
-0.000000000001389424226764,
0.000000000001305558003571,
-0.000000000001319419188183,
0.000000000001245897137195,
-0.000000000001239788452225,
0.000000000001206603584915,
-0.000000000001154849743217,
0.000000000001171332277053,
-0.000000000001089331169052,
0.000000000001114430857511,
-0.000000000001055066725671,
0.000000000001043288175188,
-0.000000000001027801557236,
0.000000000000985663548221,
-0.000000000000984406567366,
0.000000000000958353755444,
-0.000000000000907608476930,
0.000000000000977645044159,
-0.000000000000794655112501,
0.000000000001011513748708,
-0.000000000000718757878257,
0.000000000000964720159029,
-0.000000000000755154910809,
0.000000000000815488705870,
-0.000000000000871147850462,
0.000000000000616377490205,
-0.000000000001028017438504,
0.000000000000396862965425,
-0.000000000001154062977531,
0.000000000000319702619851,
-0.000000000001016156693037,
0.000000000000568214628629,
-0.000000000000637857187203,
0.000000000000842431074390,
-0.000000000000474435132775,
0.000000000000817375310839,
-0.000000000000440809679795,
0.000000000001036269188859,
0.000000000000171786086539,
0.000000000001858815972867,
0.000000000000955317650836,
0.000000000002106861389303,
0.000000000000472745236453,
0.000000000000871688694124,
0.000000000000008438720556,
0.000000000001039408853599,
0.000000000000282446023181,
0.000000000001215177545852,
0.000000000000398262814511,
0.000000000001172394253342,
0.000000000000176758357140,
0.000000000000649545850485,
-0.000000000000636842043112,
-0.000000000000475991752769,
-0.000000000001504226914418,
-0.000000000001186024618207,
-0.000000000002174183599007,
-0.000000000001706626002204,
-0.000000000002226627797233,
-0.000000000001104163584216,
-0.000000000000915451167724,
-0.000000000000242188269322,
-0.000000000000108717424660,
0.000000000000000000000000,
0.000000000000000000000000,
0.000000000000000000000000,
0.000000000000000000000000,
0.000000000000000000000000,
0.000000000000000000000000,
0.000000000000000000000000,
0.000000000000000000000000,
0.000000000000000000000000,
0.000000000000000000000000,
0.000000000000000000000000,
0.000000000000000000000000,
0.000000000000000000000000,
0.000000000000000000000000,
0.000000000000000000000000,
0.000000000000000000000000,
0.000000000000000000000000,
0.000000000000000000000000,
0.000000000000000000000000,
0.000000000000000000000000,
0.000000000000000000000000,
0.000000000000000000000000,
0.000000000000000000000000,
0.000000000000000000000000,
0.000000000000000000000000,
0.000000000000000000000000
