0.000000000000013001845950,
-0.000000000439227988923219,
0.000000001761435991234299,
-0.000000003973503196781159,
0.000000007082299321499607,
-0.000000011094716891627740,
0.000000016017651815663254,
-0.000000021858023702589680,
0.000000028622755435511296,
-0.000000036318794516475279,
0.000000044953091631203875,
-0.000000054532623036128084,
0.000000065064368129208951,
-0.000000076555332837951880,
0.000000089012526228978396,
-0.000000102442984892731163,
0.000000116853748584564828,
-0.000000132251885611870944,
0.000000148644467508134182,
-0.000000166038595414196208,
0.000000184441373803943250,
-0.000000203859937841470677,
0.000000224301426169193244,
-0.000000245773009236252967,
0.000000268281861164312578,
-0.000000291835189019366789,
0.000000316440203782379282,
-0.000000342104150562932689,
0.000000368834278660465108,
-0.000000396637872718295632,
0.000000425522221904470699,
-0.000000455494651982703003,
0.000000486562493619361742,
-0.000000518733115364460976,
0.000000552013891106428271,
-0.000000586412233948323816,
0.000000621935562813280978,
-0.000000658591337212565726,
0.000000696387023016305336,
-0.000000735330128095445574,
0.000000775428167284505791,
-0.000000816688698873535898,
0.000000859119288775610220,
-0.000000902727547861630534,
0.000000947521095353755057,
-0.000000993507596974576755,
0.000001040694727595740591,
-0.000001089090210184794995,
0.000001138701777715820966,
-0.000001189537212911707825,
0.000001241604309429880617,
-0.000001294910912376958321,
0.000001349464878805471398,
-0.000001405274118971511472,
0.000001462346556158184319,
-0.000001520690168670307590,
0.000001580312948999007275,
-0.000001641222946537726023,
0.000001703428226105073561,
-0.000001766936911369034186,
0.000001831757142747808697,
-0.000001897897121518512813,
0.000001965365067128797582,
-0.000002034169261960382607,
0.000002104318008081401150,
-0.000002175819672638066728,
0.000002248682644071726219,
-0.000002322915378139119987,
0.000002398526353586456579,
-0.000002475524118791195143,
0.000002553917246928404760,
-0.000002633714383193135431,
0.000002714924199504496476,
-0.000002797555442279268511,
0.000002881616886684270615,
-0.000002967117384960878301,
0.000003054065820249899080,
-0.000003142471155431507444,
0.000003232342386559475185,
-0.000003323688592197374936,
0.000003416518886475878283,
-0.000003510842468908535814,
0.000003606668577117015446,
-0.000003704006537092630593,
0.000003802865715590674488,
-0.000003903255592388627422,
0.000004005883820228556821,
-0.000004111465485149807507,
0.000004220021098797090532,
-0.000004331571383586565461,
0.000004446137001282257161,
-0.000004563738918670253744,
0.000004685222333574022437,
-0.000004811441398749043767,
0.000004942430013495992663,
-0.000005078222464471959239,
0.000005218852899365093697,
-0.000005364355870311210123,
0.000005514765816154041198,
-0.000005670117538323568302,
0.000005830445797932379260,
-0.000005995785645560590719,
0.000006166172158867475609,
-0.000006340968515967011109,
0.000006519530948762734572,
-0.000006701884597769366883,
0.000006888054661523820343,
-0.000007078066598804484158,
0.000007271945880963955027,
-0.000007469718280723660119,
0.000007671409578481019588,
-0.000007877045850025844051,
0.000008086653222336294045,
-0.000008300258070612943228,
0.000008517886895699135709,
-0.000008739566384716258014,
0.000008965323426381713293,
-0.000009195185049118649774,
0.000009429178537639534266,
-0.000009667331304815634087,
0.000009909671052249615302,
-0.000010156225643941879685,
0.000010407023281801026051,
-0.000010662092467159501222,
0.000010921462319871814338,
-0.000011185163110974953010,
0.000011453228683261021522,
-0.000011725708239343286520,
0.000012002772849032410619,
-0.000012292081157427288900,
0.000012531338035038307697,
-0.000012950243271391478363,
0.000012990073260172723072,
-0.000013714864231086893007,
0.000013378886419390599821,
-0.000014586026574832126678,
0.000013698138222022862405,
-0.000015563818676098175724,
0.000013948260720629770433,
-0.000016648285172912062542,
0.000014129745502134644037,
-0.000017839423496985475754,
0.000014243142301799374721,
-0.000019137183617336277685,
0.000014289058753892421949,
-0.000020541468307445552127,
0.000014268160341924001198,
-0.000022052133564476866367,
0.000014181170386402287075,
-0.000023668989104246882318,
0.000014028870032206284900,
-0.000025391798911658621164,
0.000013812098225050835622,
-0.000027220281840679921246,
0.000013531751674285557265,
-0.000029154112261917127891,
0.000013188784801238244182,
-0.000031192920757541279229,
0.000012784209673779017231,
-0.000033336294863914989715,
0.000012319095927716887685,
-0.000035583779862373404030,
0.000011794570676340494165,
-0.000037934879618833635773,
0.000011211818409248246859,
-0.000040389057473018812072,
0.000010572080882053685655,
-0.000042945737178075550557,
0.000009876656998380075431,
-0.000045604303891604344018,
0.000009126902685793430287,
-0.000048364105219089788420,
0.000008324230767366782389,
-0.000051224452310930351090,
0.000007470110830858671563,
-0.000054184621014237546776,
0.000006566069097391677073,
-0.000057243853080634183011,
0.000005613688343632251539,
-0.000060402969427729398056,
0.000004621072182570450214,
-0.000063670894517101034966,
0.000003596514728367402507,
-0.000067048580752389184577,
0.000002541969308795904366,
-0.000070535621285722739583,
0.000001460538201547924239,
-0.000074132957246529060163,
0.000000355403163883236782,
-0.000077840163292181900286,
-0.000000771278015883625943,
-0.000081656520187240957563,
-0.000001917290709794154708,
-0.000085581287482144527672,
-0.000003080363436512608358,
-0.000089613705343164799734,
-0.000004258167811662150609,
-0.000093752996461354381466,
-0.000005448318457187701158,
-0.000097998368047858322970,
-0.000006648372863419544820,
-0.000102349013926998719942,
-0.000007855831190855520308,
-0.000106804116748049259737,
-0.000009068135978898907268,
-0.000111362850371056809943,
-0.000010282671656256866472,
-0.000116024382630602507943,
-0.000011496763406771554061,
-0.000120787879534382005782,
-0.000012707672548590123038,
-0.000125652519848776597243,
-0.000013912552600003399571,
-0.000130617739031845756783,
-0.000015103313708021232631,
-0.000135651854209320932212,
-0.000016218460628352392524,
-0.000140705057234357148403,
-0.000017237970805212224780,
-0.000145775536701649464704,
-0.000018154704981377416042,
-0.000150834820876022130797,
-0.000018909234833663726320,
-0.000155832199556287653982,
-0.000019480532355652161830,
-0.000160766617055261716758,
-0.000019866759360499951941,
-0.000165638480654951782307,
-0.000020065781397556202892,
-0.000170448006946404922958,
-0.000020075447355545013225,
-0.000175180093273248106700,
-0.000019821998285129516991,
-0.000179716652363288021798,
-0.000019215087215487597003,
-0.000184031596786500995389,
-0.000018250123002602891141,
-0.000188124498510759544708,
-0.000016924239766233054483,
-0.000191996663407489827390,
-0.000015236498519893254652,
-0.000195651243748001872321,
-0.000013187113934591446112,
-0.000199091881876638210867,
-0.000010775786232349253126,
-0.000202321159241030616022,
-0.000008000615764025107866,
-0.000205340253281124463045,
-0.000004858549080530029488,
-0.000208150064443561155347,
-0.000001346864455943252388,
-0.000210752696692587414068,
0.000002535756114227309525,
-0.000213151878285331824710,
0.000006789576694508636216,
-0.000215351980745057992872,
0.000011415167004217084110,
-0.000217356693780785598840,
0.000016414346799120073432,
-0.000219168772012537393414,
0.000021789686449059979473,
-0.000220791214963736692192,
0.000027542977885107275567,
-0.000222228785200269808413,
0.000033674177350572592185,
-0.000223488343785871066902,
0.000040181961745076305429,
-0.000224577548131317923869,
0.000047065532802815007924,
-0.000225503022595019902508,
0.000054326085723484139275,
-0.000226269660657413946257,
0.000061966632479562913909,
-0.000226881680248376032052,
0.000069990413276988327584,
-0.000227344397800140386604,
0.000078399470177228496601,
-0.000227665014005175623353,
0.000087194778536794554139,
-0.000227851696923578658912,
0.000096378456245646614096,
-0.000227914692863990126512,
0.000105957410933302077576,
-0.000227861300285160688810,
0.000115934450580070411391,
-0.000227696105435252972755,
0.000126313648065534282804,
-0.000227427458214969076917,
0.000137097751882424002913,
-0.000227066474112469360780,
0.000148288106223380705033,
-0.000226625734406996201184,
0.000159886775064900965755,
-0.000226117026636005457327,
0.000171898577767705531627,
-0.000225550249993233315653,
0.000184331184107461597049,
-0.000224934581995316507791,
0.000197193232276784145059,
-0.000224280859720510616613,
0.000210492349047447388716,
-0.000223602951890092944108,
0.000224235067853402106732,
-0.000222916902990440320143,
0.000238428781554805602509,
-0.000222238947529544852251,
0.000253084095773400160993,
-0.000221588524083069307331,
0.000268173660092803302270,
-0.000221079658799249882716,
0.000283609780409221229076,
-0.000220777875241125632211,
0.000299398359427123137398,
-0.000220724363489288984358,
0.000315481247162239240075,
-0.000221055169437152978238,
0.000331797943638725259443,
-0.000221816540744352973117,
0.000348370415939209642896,
-0.000223032417704949989827,
0.000365227437620794885813,
-0.000224727564923101033644,
0.000382400877150439058930,
-0.000226932653613934651833,
0.000399921964468776675039,
-0.000229687642825508953537,
0.000417821231053287962549,
-0.000233040833371101353388,
0.000436132813870146072641,
-0.000237045126935888034268,
0.000454899825533215066559,
-0.000241755850222140079549,
0.000474176640831629821367,
-0.000247233154613704512233,
0.000494027236537549385882,
-0.000253547667155297278517,
0.000514523732536015915816,
-0.000260787843504779921506,
0.000535751035568221871050,
-0.000269057694160575763646,
0.000557806574418603061394,
-0.000278472208110924150225,
0.000580811155546559878052,
-0.000289161447807314143758,
0.000604914481399948349150,
-0.000301279290960538811191,
0.000630298787308701037070,
-0.000315019550635763589085,
0.000657178313095590810496,
-0.000330623110307424702449,
0.000685805637529758962447,
-0.000348388715113049545272,
0.000716491537740922301326,
-0.000368687656526377942421,
0.000749639273359407128268,
-0.000391987021302791669927,
0.000785773105844590497721,
-0.000418882611206560060042,
0.000825572833534218863440,
-0.000450156087909898820244,
0.000869935269262925715654,
-0.000486874130335103536948,
0.000920091238876983240867,
-0.000530511082145830614211,
0.000977754297454375099694,
-0.000583137777157689937875,
0.001045401317080939902412,
-0.000647774476487561262292,
0.001126744183478854124600,
-0.000729026770599661795222,
0.001227589730133536597215,
-0.000834305434189006067149,
0.001357554822341150435605,
-0.000976347426166212801341,
0.001533829556978207487444,
-0.001179028712441447784148,
0.001790502264506085242785,
-0.001492946659599355590034,
0.002206101600251297260163,
-0.002047420853068654227058,
0.003010964823636672841461,
-0.003301371022114816047854,
0.005297123652808274386905,
-0.008938938315799123401906,
0.073325483508191083292793,
0.011558906029613321211902,
-0.004781182856277487423780,
0.003393974691918294917664,
-0.001969940986985800265852,
0.001939197240279581747543,
-0.001067664248290841081876,
0.001326478877732080886159,
-0.000617286399283180397049,
0.000985197870755740888124,
-0.000343703399477666927866,
0.000764993696220397250730,
-0.000157331244519330702009,
0.000608994585823180944149,
-0.000020280040482402378668,
0.000490905658498427474590,
0.000086240816347673190782,
0.000396883910325952695298,
0.000172640484197556426165,
0.000318950200433556227495,
0.000245179973854213841856,
0.000252177954331944545810,
0.000307865816627260165724,
0.000193333837190300578167,
0.000363374899637305482161,
0.000140185896455788806380,
0.000413595965567695189342,
0.000091133429772508457549,
0.000459841965182206081041,
0.000044909430646428388865,
0.000503102785712030331662,
0.000000581726413314762492,
0.000544200615671992446454,
-0.000042576972650127933786,
0.000583806500647860381580,
-0.000085178978019825204548,
0.000622462851911810468447,
-0.000127791484495800233227,
0.000660627648012068052763,
-0.000170947958064104953233,
0.000698737826591976237366,
-0.000215116757990022587372,
0.000737283700078255384985,
-0.000260696810468876349811,
0.000776831186546731041441,
-0.000308054658776025201434,
0.000817990375314773285158,
-0.000357613194614944283553,
0.000861375318227119513362,
-0.000409917302345900037668,
0.000907620751620256960290,
-0.000465632028367355776770,
0.000957474203658588299617,
-0.000525504794045498178912,
0.001011896596987665658193,
-0.000590392914654068760513,
0.001072077464223740667429,
-0.000661432633971043297712,
0.001139358680813094088988,
-0.000740299615295130961599,
0.001215210846991876363077,
-0.000829393301726713159591,
0.001301475997686923164950,
-0.000931818820915351377077,
0.001400969768055393763206,
-0.001051285941509226811580,
0.001518285191221603299197,
-0.001192353488803312008479,
0.001660502042672930625433,
-0.001361578649375148495834,
0.001837754754833761938748,
-0.001569984522447962459191,
0.002064358377428539021575,
-0.001837133256842721044932,
0.002362399416774101611194,
-0.002197873709884920739172,
0.002771791227293373370555,
-0.002716625849031723688443,
0.003377008121359265438444,
-0.003528479847005145438738,
0.004389100335076116972399,
-0.004997069642861154750713,
0.006509152250114902567291,
-0.008694457680124079504425,
0.014622971189795386237620,
-0.060655851333639911049378,
-0.019117216390377639312348,
0.005668459794302325126247,
-0.000984315917601996702782,
-0.002847223099706871953657,
0.009616007547754957043851,
-0.048904284308383415280641,
-0.032937705558130130067962,
0.014927598866131102858801,
-0.010486674576286852955675,
0.008635477104763453898295,
-0.007681356652788151953559,
0.007326664957394147560665,
-0.007446535258363349597810,
0.008138532636038290149494,
-0.010142465375495889404189,
0.016238090173917304331885,
-0.129225105918889193734600,
-0.015474963679364905910774,
0.006257345421406250267349,
-0.003641789182209540735174,
0.002358099688623683035105,
-0.001696625402282717120020,
0.001277791589633678163984,
-0.000971463221568580315678,
0.000836951788782453582304,
-0.000629839445317897342509,
0.000623697052317360610060,
-0.000459117948069671369046,
0.000507787712952970961278,
-0.000379263510279870133882,
0.000440229120192526602109,
-0.000350435342137630958647,
0.000402130591530221398813,
-0.000349528869030948539584,
0.000385593011384042301699,
-0.000363543676659342353350,
0.000385506355931383357365,
-0.000386620824229632850146,
0.000396939930078928711506,
-0.000417181098393807454298,
0.000415485762956029243409,
-0.000455096329854651020490,
0.000438373007479035171636,
-0.000499825086364983598060,
0.000464867814297265839838,
-0.000550024836719784256112,
0.000495604260415574704446,
-0.000604253329158302627568,
0.000531440526812396651576,
-0.000661839945652520052558,
0.000572679435310379089316,
-0.000723195143450348974616,
0.000619047255368185105062,
-0.000789472609829624128591,
0.000670179957009392544658,
-0.000862036377185939435216,
0.000726065021847728726302,
-0.000942240869233356846853,
0.000787090711471984897513,
-0.001031555479204567492280,
0.000854001110973482530607,
-0.001131690588857811553478,
0.000927949553911034297378,
-0.001244516999815090509476,
0.001011037923743222976050,
-0.001371612022918498397309,
0.001106963187241364427946,
-0.001514208711543973875230,
0.001221152451287280419831,
-0.001674014225511372740834,
0.001360114120961284766426,
-0.001854982538688920755757,
0.001530684452536176754986,
-0.002065124573335327343854,
0.001740229579895877665835,
-0.002317822256432721175767,
0.001999076053059449433608,
-0.002632129966737869423282,
0.002325999053273328492225,
-0.003033915511719921520584,
0.002756568433672030183496,
-0.003561867997101543503735,
0.003356340588809067666809,
-0.004286090766146282045324,
0.004247426350923106871948,
-0.005359257373194551733742,
0.005684149224928497154408,
-0.007170888978957912392176,
0.008341156854595055056278,
-0.011000063267160577543113,
0.014984916423251299494313,
-0.024693761589747790369254,
0.069310543648604588939932,
0.079157390596231058665921,
-0.023981336583858061523022,
0.013232421494184326560273,
-0.007875265026658161138240,
0.002591432937756009847324,
0.108696041417923716654315,
0.012453375758711362000786,
-0.008530748507052300644293,
0.006525088223496196444817,
-0.005961751010446071467885,
0.004729006528220616560609,
-0.004842055445829562994320,
0.003710577382190584361243,
-0.004169723148526842913808,
0.003037129871701080199159,
-0.003701443993422327046611,
0.002560749585673744496001,
-0.003347289754489801618526,
0.002206320625900408654435,
-0.003069449426898612082182,
0.001928502435169984373028,
-0.002849302426035436701379,
0.001699989038720907830876,
-0.002673908932190041751881,
0.001506189225170708910137,
-0.002531526748789697002506,
0.001340455757087001542605,
-0.002411725730744128382010,
0.001199516174227667963600,
-0.002306881654190424697087,
0.001080240807548598844234,
-0.002212924411173558102844,
0.000978455547228758654513,
-0.002128663658143113181220,
0.000889463942143966308958,
-0.002054177913939780105584,
0.000809258955044839202106,
-0.001989417347986243388147,
0.000735164173687212897483,
-0.001933582062099359821436,
0.000665943133941739756100,
-0.001885234561787118949538,
0.000601124699429626276580,
-0.001842912745785338802379,
0.000540438721250166868512,
-0.001805415745049151164670,
0.000483586809919822819322,
-0.001771797936851692012450,
0.000430323029536087801883,
-0.001741157524387304750615,
0.000380612176293057796316,
-0.001712503224126164444452,
0.000334613903523054594721,
-0.001684854786217669696605,
0.000292454218968940732933,
-0.001657492668307274097383,
0.000253960611808650359947,
-0.001630129996503511995501,
0.000218580593528848476405,
-0.001602841195323666777239,
0.000185555019820251757652,
-0.001575783232681300964281,
0.000154207922723129792469,
-0.001548917627045305785149,
0.000124117298317067640406,
-0.001521941796303449357178,
0.000095028981448849042784,
-0.001494461103225399895705,
0.000066595853040428952280,
-0.001466205391386211790219,
0.000038219093449411757092,
-0.001437032641143488106289,
0.000009092023415997465432,
-0.001406703779583933248618,
-0.000021481805103169949827,
-0.001374411118372118826431,
-0.000053790059813604249603,
-0.001338535690055178001279,
-0.000087843610331933612246,
-0.001296818581328554884427,
-0.000124015232914918117164,
-0.001246933391040539558167,
-0.000164130606550585517135,
-0.001186895114867673193051,
-0.000212221028201263738891,
-0.001114483112009155519814,
-0.000274832562043911222613,
-0.001025335560190915838719,
-0.000361361146967930648658,
-0.000909388012247187328685,
-0.000486137249097904505270,
-0.000744687490773688460198,
-0.000676370072847017945496,
-0.000483505053538405764162,
-0.000997923083439410281426,
-0.000007225870422495219712,
-0.001652104468921298217887,
0.001085578655723762634897,
-0.003541821062789855464881,
0.005398308161883487617250,
-0.020320914764113125888789,
-0.050823644321708487392453,
0.024698205939697407546030,
0.041336657596733633601715,
-0.003537642066967960387258,
-0.000241458087106924325794,
0.000021534419917864299035,
-0.001306337343043364410816,
0.000455501603357366105160,
-0.001496447718708545076421,
0.000543771630886039016202,
-0.001531683384951704239921,
0.000556791578836264892081,
-0.001520842109431036178260,
0.000553873271204602802935,
-0.001489716241276465473822,
0.000551421310446976900392,
-0.001447752455777803152343,
0.000552312947559785742332,
-0.001400730883428476193295,
0.000554837166879098512423,
-0.001352397911020933795809,
0.000556968113485849648618,
-0.001304004326895249685214,
0.000558097461342806967256,
-0.001254525075796476775089,
0.000558740832066655437882,
-0.001201930061351279884624,
0.000559135083098373768945,
-0.001144750506563822723891,
0.000557927749377477768394,
-0.001082729187524607760915,
0.000552137241000568530433,
-0.001016042128692615795563,
0.000538011345253410627754,
-0.000943922029080547031824,
0.000512132953249355314315,
-0.000863080206840258147734,
0.000471716895654931413998,
-0.000767326421106922368365,
0.000413012189804849824855,
-0.000648016049703220011965,
0.000328467370569055514343,
-0.000493774268842623069095,
0.000203198637086181635707,
-0.000287379629655254301493,
0.000010126221988820154326,
0.000003278764860601492773,
-0.000300759528456108298205,
0.000447553556640671980696,
-0.000835366329662540251302,
0.001217288553531330327559,
-0.001880458690497644087813,
0.002863042307049917280237,
-0.004614388691183243969285,
0.008693911105709507466943,
-0.026798431211007181507178,
-0.038678443688778325892930,
0.012821301921265480794343,
-0.007797667132061762880479,
0.005967743899401539535432,
-0.004101017164429707033413,
0.003210740008540736815934,
-0.000651017625157090311198,
-0.003055844861143679636745,
0.030669891230955998590035,
0.034017179695633600888804,
-0.018298161988284961099183,
0.017704281164270890824852,
-0.019509337011810328615935,
0.069760690243506118246586,
0.045631472607154770215754,
-0.001197154138131571688916,
-0.002854692360137308683454,
0.007883359480178996764321,
-0.011127499144449996132389,
0.024571865645286419810311,
0.082780564650712290530876,
0.037745362488749538421029,
0.091458331322849681366272,
-0.081302537325877055618406,
-0.050052566620422629661835,
0.011432904449736014731998,
-0.004592484271224864592065,
0.003661802128287421943809,
-0.001923922925965100387546,
0.002545156096517123094081,
-0.001376894721866081050879,
0.002362921253706857203924,
-0.001255093893905434142971,
0.002423654676945100148316,
-0.001271050389802893870392,
0.002558211718417610028992,
-0.001354667479652290696182,
0.002715416197023117015480,
-0.001481020048745541450169,
0.002885472257710566899164,
-0.001635334569515386029040,
0.003074710827797374947806,
-0.001808891436493852752226,
0.003292960346071936023060,
-0.002001179527181589246770,
0.003548688970891611827591,
-0.002220138941923768989561,
0.003851027700483705250994,
-0.002479985957305817605156,
0.004215923771369808198406,
-0.002800873555005431534554,
0.004673358219409302211078,
-0.003216518113504267858266,
0.005277451649426110821817,
-0.003798116715349109193817,
0.006136122901307344661148,
-0.004722158424095104257978,
0.007534589684146913990404,
-0.006554758531610160345038,
0.010696971200720262890060,
-0.013027592778205289436588,
0.045394806327101411280722,
0.015805440006569901334466,
-0.000739274307847210556364,
-0.001380648142632546343522,
0.009577441344037604734063,
0.045579099249587355646707,
-0.001955859072495780542206,
0.000829558883135863471894,
0.003520594002258018145185,
-0.002633758805159863627260,
0.006906167495960782373721,
-0.007158957512683337270909,
0.016559118861072866929485,
0.089247196346516469156462,
-0.002181626909208443220595,
-0.001828695592756182436087,
0.007468838175509346852254,
-0.010671444938109730937725,
0.020385535994588709768349,
-0.051579450080792121902107,
-0.057263308982842042738071,
-0.064833899682800885666545,
-0.033313128444210374223822,
0.019444228442034937331950,
-0.098067258950732510980330,
-0.018724953306096397270819,
-0.160106589288282946670350,
-0.003966654189241386463394,
-0.003830579556608568452675,
0.005394398966662694236418,
-0.004139953077856163392301,
0.005261380156751135905857,
-0.003257423300569727703246,
0.004874051227710443287555,
-0.002481545647330640844835,
0.004486602473409079423761,
-0.001885201765138286474077,
0.004111619676629799449707,
-0.001428234209782628348628,
0.003762335601775592362761,
-0.001054141977693052794826,
0.003455147609721214482098,
-0.000719106497678120566534,
0.003194589322120956927098,
-0.000402657686416672746122,
0.002968381790331859389903,
-0.000104113564618387943413,
0.002753955338021565803913,
0.000169461958239856938556,
0.002530131218285136193713,
0.000416158773092625963383,
0.002285984224630786213611,
0.000645858335290069819276,
0.002021645744382636125658,
0.000878447517802197468811,
0.001741246082888185144066,
0.001136505171188060365692,
0.001442180661493621752003,
0.001438375921581486237624,
0.001105917225919594111191,
0.001797703568507916195227,
0.000693085722568670663940,
0.002233865887541827167928,
0.000139736515715688990004,
0.002797939480383026915333,
-0.000660197774971462932915,
0.003632857948148864729587,
-0.001943570362412979117203,
0.005193670196806598853001,
-0.004653731662145031873490,
0.010540646961347332338788,
-0.090655023261362932540663,
-0.000396072750222522097872,
-0.004724385240910500098621,
0.015765370528254489534969,
-0.067056401167485568670656,
-0.040182367881716814228543,
0.018696684264398029384768,
-0.010531021298379699205339,
0.010168402159237059298458,
-0.006077865968423099528317,
0.007633951508702886169788,
-0.004166602700440120987668,
0.006393109251250085958707,
-0.003080996380962475883480,
0.005622850272366522982048,
-0.002379290695645847400486,
0.005070336903194670903627,
-0.001880766216321735993106,
0.004640197202011594503068,
-0.001489568908920654594780,
0.004287538887984141539045,
-0.001150944398601830677767,
0.003978650553261411752792,
-0.000834127396631527797191,
0.003676359886325062092255,
-0.000516638749944771900890,
0.003334690258045497693318,
-0.000162435400935577136565,
0.002886897770656075227352,
0.000318233776637212887814,
0.002187957230621626752987,
0.001202596947213545666711,
0.000688273636441133832009,
0.003970207496574194860894,
-0.007964339797843373799924,
-0.040388076848726688072855,
0.011202362902613059378321,
-0.005159825710288880491750,
0.006599874453694166802353,
-0.003173527133544627384931,
0.005515130621223766037298,
-0.002425452104694869343710,
0.005036304070223168553866,
-0.002024856116692921176314,
0.004766539394599623134796,
-0.001781630339884626062011,
0.004590748091341964771950,
-0.001627899332473668313898,
0.004467562157174219394928,
-0.001529296319784305240030,
0.004382013368588733893960,
-0.001465470870097562326381,
0.004327865573555350967028,
-0.001425843488321452924225,
0.004299928340845782757940,
-0.001407565410402668174342,
0.004292365358765330186908,
-0.001412208294904493052768,
0.004300635058849962798211,
-0.001441854430828397488906,
0.004324064936324123128997,
-0.001496878505897179714029,
0.004366428434356477324141,
-0.001576976659335700085146,
0.004433913584213979540427,
-0.001684772933776319033677,
0.004532448507781462396227,
-0.001829481416578336919199,
0.004667681282212223121963,
-0.002028462128193333526005,
0.004850049042025759114816,
-0.002307569689980952347408,
0.005105904558837193185639,
-0.002706461203330806902095,
0.005497174656531971653761,
-0.003305285951991683221496,
0.006171165769445969770390,
-0.004329140645988907749875,
0.007576314713472921159865,
-0.006724609670949765680148,
0.012370618486312108530445,
-0.024826808298993148504952,
-0.025361493337017440574677,
0.006796724441956874390725,
-0.000677451512365137543080,
0.001120424310667059424745,
0.002177595680641532336491,
-0.000926232227936213230179,
0.003883627584391998940894,
-0.002775382714942941503322,
0.006318945304249220726311,
-0.007871082411965751174376,
-0.035232772501837747447517,
0.001061758081848358705596,
0.004419636340007015821996,
-0.004284035829758465335759,
0.009754826963122407643136,
-0.094586405641711515657200,
0.034075284418332622837777,
0.062486948598382573150101,
0.063008289485712618005486,
0.021725443579052351739112,
-0.010181796451232450612112,
0.009855074992146576826069,
-0.005202038634627825959555,
0.006771373822389745514294,
-0.003357327652109596584362,
0.005207095039667987770859,
-0.002411137640460220277205,
0.004238909987284572578048,
-0.001824560059033152091892,
0.003596073073352542767700,
-0.001402788090892998070988,
0.003155331533537461975031,
-0.001073530163244977488762,
0.002837687990834061261408,
-0.000814986341820073405436,
0.002587979618505861778566,
-0.000620026139016346586851,
0.002373662639902276473569,
-0.000478724078902228534008,
0.002182582963153960418229,
-0.000374973780409708281215,
0.002015224601182509945457,
-0.000291619357726432962882,
0.001874794409107649823323,
-0.000216988129255206571230,
0.001760410898993481883593,
-0.000147430401027603150219,
0.001666064379971103062358,
-0.000085028567156464465509,
0.001583772260742586160398,
-0.000033049732195331961231,
0.001507469016214276662582,
0.000007448934795196047537,
0.001434713971311099480616,
0.000038086647160380027784,
0.001365594001237823785014,
0.000061430751642418634476,
0.001300636815123313010795,
0.000079301535685082506278,
0.001239492153778522058605,
0.000092175938665974067898,
0.001181006013517056467410,
0.000100020186995953872075,
0.001124341062515207909783,
0.000103436052730477838382,
0.001069756088084360384077,
0.000103918212166879988492,
0.001018184567009508241855,
0.000103007263701343460905,
0.000970315985280573189455,
0.000101660432653654289451,
0.000926167932671367747158,
0.000099973666979567970560,
0.000885050511719325840032,
0.000097507411859720468424,
0.000846111916332133303861,
0.000093899155666032354476,
0.000808848634560189691002,
0.000089187493972160334071,
0.000773180185454988761797,
0.000083671503212690774326,
0.000739148476169727472983,
0.000077562339758019407878,
0.000706610849297978392894,
0.000070806210960855419170,
0.000675220578306112120988,
0.000063222756401415405544,
0.000644667012094626758895,
0.000054782374418077344445,
0.000614907663682811222658,
0.000045739287962237521053,
0.000586166327423041748357,
0.000036504754049021304095,
0.000558712906604165383991,
0.000027394365465519537200,
0.000532635433690061780437,
0.000018479134329619585267,
0.000507795126975141134819,
0.000009648457834762090967,
0.000483969477158978074547,
0.000000793673902960242294,
0.000461025709421557629633,
-0.000008067560972520332278,
0.000438968676787321364710,
-0.000016817932329671285695,
0.000417869835686464222504,
-0.000025326814963821166768,
0.000397744198871043119770,
-0.000033597393878197280332,
0.000378486417981123814472,
-0.000041677821418592217190,
0.000360018963976733595480,
-0.000049576220804923506753,
0.000342322946528861630187,
-0.000057209834620066866116,
0.000325486629479312256086,
-0.000064412293020450384789,
0.000309653426007590489282,
-0.000070981153711620285766,
0.000294974372969849976244,
-0.000076818989493424678569,
0.000281424590561587053845,
-0.000081963961114302362932,
0.000268918739876228252671,
-0.000086493255464150905001,
0.000257315695332569285576,
-0.000090539313415188856882,
0.000246489352765351182276,
-0.000094147453392463606296,
0.000236379857651204281985,
-0.000097412233271542580286,
0.000226792497999046236161,
-0.000100535944227826446211,
0.000217557677938214251174,
-0.000103596453931755779323,
0.000208612042889374778385,
-0.000106619471422438456777,
0.000199940281726777635335,
-0.000109572182098480907413,
0.000191585651526927761880,
-0.000112379379348504746276,
0.000183610364262910212129,
-0.000114976024478331964119,
0.000176042960575061474852,
-0.000117347219799383392278,
0.000168859640232111430204,
-0.000119522329742189917993,
0.000162011379628568589172,
-0.000121534726333799236665,
0.000155466199355649845526,
-0.000123388133796153618392,
0.000149226270883058792591,
-0.000125058960628200379782,
0.000143308310257143819424,
-0.000126526373992023535723,
0.000137712042713891247118,
-0.000127796173550026083161,
0.000132410439286876772990,
-0.000128893895227021217228,
0.000127371061100716511131,
-0.000129834896967863161130,
0.000122586357519938968794,
-0.000130601644218730897134,
0.000118082827035461475785,
-0.000131150311722091352743,
0.000113900384778817901905,
-0.000131440093124878470228,
0.000110061611661795881391,
-0.000131457947382852152231,
0.000106558545883638034553,
-0.000131217044240242099347,
0.000103363590049141754993,
-0.000130731658639707070237,
0.000100457030795785969240,
-0.000130003361392606739877,
0.000097829467080836317056,
-0.000129071479932372080827,
0.000095407059473914701433,
-0.000127984209161107582390,
0.000093166941976631850665,
-0.000126783940321272502443,
0.000091007651852390144750,
-0.000125557440173766648615,
0.000088881699062808066031,
-0.000124318361275225797722,
0.000086788266264441752329,
-0.000123059340159436956174,
0.000084749696218047973245,
-0.000121751141902778380380,
0.000082794945139035090297,
-0.000120366778839900198769,
0.000080942545440473845624,
-0.000118904530599434735713,
0.000079193087995666795872,
-0.000117385868784206144773,
0.000077525451620849469272,
-0.000115822486568029523152,
0.000075918422581047615349,
-0.000114219079776646143822,
0.000074371910517559972802,
-0.000112567318696503467618,
0.000072895251731564656068,
-0.000110856845822641226053,
0.000071492648127669981362,
-0.000109087826601326958538,
0.000070156128357678107618,
-0.000107270542528278047803,
0.000068873201672276239448,
-0.000105412530426924483124,
0.000067640778253114089620,
-0.000103517357702376635101,
0.000066439753965798315177,
-0.000101605094831228753328,
0.000065268975402608833767,
-0.000099659761686049765854,
0.000064141626324680495576,
-0.000097675114430435710567,
0.000063054745878315067637,
-0.000095659657984159806319,
0.000061995073736648316498,
-0.000093625986344312865021,
0.000060951845431257051548,
-0.000091579167802936204019,
0.000059924413726735519469,
-0.000089514765939396906012,
0.000058918475754280169728,
-0.000087426941769527596470,
0.000057936147688813309357,
-0.000085317280289708933173,
0.000056970764050556545459,
-0.000083194869356764409641,
0.000056011981616919953456,
-0.000081067932162675433120,
0.000055058452884286645666,
-0.000078937075566740561592,
0.000054120683266787580684,
-0.000076789924123906466865,
0.000053214362417210089038,
-0.000074614342934062671884,
0.000052349881455831091966,
-0.000072406840859977876111,
0.000051523881025988405166,
-0.000070175980944298295156,
0.000050723636091623853909,
-0.000067935410515188146595,
0.000049939000221630437085,
-0.000065695587359413886949,
0.000049168068197113389732,
-0.000063456051442810565964,
0.000048413863922190891699,
-0.000061212846423553462171,
0.000047679470136756499409,
-0.000058971677187944895123,
0.000046967973249778341720,
-0.000056747515599049916065,
0.000046275897389992170312,
-0.000054551625473100186215,
0.000045585291092025712414,
-0.000052421211860528129170,
0.000044866137195631395414,
-0.000050362283756563584931,
0.000044124793313246027035,
-0.000048361847697273012837,
0.000043370030281675617896,
-0.000046414521793859842425,
0.000042601514598006358782,
-0.000044525042482581388506,
0.000041801905020642773014,
-0.000042732649091505889663,
0.000040921236431744601434,
-0.000041068938360915141343,
0.000039949099756886866834,
-0.000039548627120298915783,
0.000038834889538638198429,
-0.000038225498825106872319,
0.000037603464081780592191,
-0.000036986426046289408594,
0.000036374016449023032578,
-0.000035766160008649487559,
0.000035162814152723272478,
-0.000034563943959622071443,
0.000033969517158300300674,
-0.000033379502867797546572,
0.000032793871122449663139,
-0.000032212592633203018951,
0.000031635638798166935265,
-0.000031062981516873936427,
0.000030494593303889477100,
-0.000029930447137851541676,
0.000029370516532977731497,
-0.000028814775486458850488,
0.000028263198454551959261,
-0.000027715760376665177602,
0.000027172436644326862840,
-0.000026633203033478881628,
0.000026098035897192563547,
-0.000025566911734745269942,
0.000025039807880744969874,
-0.000024516701479977807428,
0.000023997570816419651904,
-0.000023482393675874759593,
0.000022971149181827346805,
-0.000022463815835776673225,
0.000021960669959099586986,
-0.000021461984265269036802,
0.000020967734462605647065,
-0.000020477896102407304793,
0.000019993532514230346459,
-0.000019515695799276250359,
0.000019044345707932274772,
-0.000018579442292335700374,
0.000018120945946575762201,
-0.000017668817371100315535,
0.000017223017615363785560,
-0.000016783507997514071506,
0.000016350250192205160408,
-0.000015923206113051224222,
0.000015502338024280371795,
-0.000015087608418878527343,
0.000014678980114323435350,
-0.000014276416165940079831,
0.000013879879915687393460,
-0.000013489334954994563342,
0.000013104745135576835376,
-0.000012726074545997931336,
0.000012353287546488239413,
-0.000011986348675968953577,
0.000011625222806048546875,
-0.000011269874884246432623,
0.000010920270285666383657,
-0.000010576374344224773928,
0.000010238152907799397541,
-0.000009905571701501249767,
0.000009578596991013597274,
-0.000009257194918833919664,
0.000008941332101593046445,
-0.000008630975128721725878,
0.000008326487162227883671,
-0.000008028227283374746469,
0.000007736156549187345449,
-0.000007450236142002570185,
0.000007170427469094173549,
-0.000006896692071718467857,
0.000006628991705065767298,
-0.000006367288253454276962,
0.000006111543805817729244,
-0.000005861720574753818261,
0.000005617780967625855614,
-0.000005379687514232166385,
0.000005147402922152770287,
-0.000004920890031066278337,
0.000004700111829594313609,
-0.000004485031459795922264,
0.000004275612176414874515,
-0.000004071817410680231801,
0.000003873610677285758572,
-0.000003680955675369243084,
0.000003493816181265742238,
-0.000003312156137086390422,
0.000003135939582961532876,
-0.000002965130684375519903,
0.000002799693738955989765,
-0.000002639593128074651719,
0.000002484793389121982025,
-0.000002335259121979897849,
0.000002190955081711277147,
-0.000002051846088232332128,
0.000001917897100988342557,
-0.000001789073147860780768,
0.000001665339397164853620,
-0.000001546661055975766943,
0.000001433003519521059981,
-0.000001324332139951651023,
0.000001220612554155377629,
-0.000001121810239184938611,
0.000001027891066950541780,
-0.000000938820646319095257,
0.000000854565050906311700,
-0.000000775090051230210863,
0.000000700361875776374178,
-0.000000630346489710270371,
0.000000565010238306997104,
-0.000000504319297439170062,
0.000000448240113200108498,
-0.000000396176102327808195,
0.000000347536833053412468,
-0.000000302297576540077785,
0.000000260433910021804751,
-0.000000221921213157775872,
0.000000186735138548874500,
-0.000000154851273110921769,
0.000000126245207287263746,
-0.000000100892859177846697,
0.000000078769653410640377,
-0.000000059631196537768284,
0.000000043234406188227177,
-0.000000029559297358453632,
0.000000018584614002000156,
-0.000000010290439241298938,
0.000000004657971346040204,
-0.000000001669365216270472,
0.000000000416248733922773,
-0.000000000000014583107145,
0.000000000000000000000000,
0.000000000000000000000000,
0.000000000000000000000000,
0.000000000000000000000000,
0.000000000000000000000000,
0.000000000000000000000000,
0.000000000000000000000000,
0.000000000000000000000000,
0.000000000000000000000000,
0.000000000000000000000000,
0.000000000000000000000000,
0.000000000000000000000000,
0.000000000000000000000000,
0.000000000000000000000000,
0.000000000000000000000000,
0.000000000000000000000000,
0.000000000000000000000000,
0.000000000000000000000000,
0.000000000000000000000000,
0.000000000000000000000000,
0.000000000000000000000000,
0.000000000000000000000000,
0.000000000000000000000000,
0.000000000000000000000000,
0.000000000000000000000000,
0.000000000000000000000000
